20000 3000
20000 5000
20000 10000
20000 20000
25000 3000
25000 5000
25000 10000
25000 20000
100000 3000
100000 5000
100000 10000
100000 20000
200000 3000
200000 5000
200000 10000
200000 20000


20000 5000 conditional my_method 2704326656 10.132320404052734 NA NA NA
20000 3000 conditional my_method 1759473664 24.5268657207489 NA NA NA
20000 3000 conditional my_method 1722736640 10.841680526733398 NA NA NA
25000 3000 standard my_method 2126049280 6.112959384918213 NA NA NA
20000 3000 standard my_method 1199804416 4.493705749511719 NA NA NA
25000 3000 standard my_method 2122272768 6.548772096633911 NA NA NA
20000 5000 standard my_method 1855164416 6.60203218460083 NA NA NA

