method data_param num_cells seed dim vargenes adj.rsq max.rsq
UMAP all_cell_types 15000 2 50 3000 0.00280485775201611 0.00280322448935899
UMAP all_cell_types 1000 1 50 3000 0.00281673218198153 0.00210984940956815
UMAP all_cell_types 10000 2 50 3000 0.00296679122156029 0.00302634589246442
UMAP all_cell_types 10000 3 50 3000 0.00362645562165365 0.00370974939324298
UMAP all_cell_types 5000 4 50 3000 0.00418230510813788 0.00340429698937961
UMAP all_cell_types 1000 2 50 3000 0.00240885217033027 0.00130906767963235
UMAP all_cell_types 5000 2 50 3000 0.00168445712197407 0.00180176451690017
UMAP all_cell_types 5000 3 50 3000 0.00348802543957094 0.00368399235362649
UMAP all_cell_types 5000 5 50 3000 0.00762593156996327 0.00381619667415423
UMAP all_cell_types 5000 1 50 3000 0.000304713609625473 0.000388523299274302
UMAP all_cell_types 1000 4 50 3000 -0.000299829963784859 0.000278775799172903
UMAP all_cell_types 10000 5 50 3000 0.00354081371871007 0.0028476104844668
UMAP all_cell_types 1000 5 50 3000 0.000416419724914907 0.000778696594528228
UMAP all_cell_types 500 2 50 3000 -0.000460843424699986 0.00117388145800945
UMAP all_cell_types 500 1 50 3000 0.00359911514492028 0.00436426021815028
UMAP all_cell_types 100 3 50 3000 0.00993081482702074 0.00942925421694696
UMAP all_cell_types 100 1 50 3000 0.0232391989532036 0.0311564400445716
UMAP all_cell_types 500 3 50 3000 0.0155163176742471 0.0142536177943164
UMAP all_cell_types 500 5 50 3000 0.00931762813384485 0.0113069211505769
UMAP all_cell_types 100 4 50 3000 0.0449871938999772 0.0546863167613886
UMAP all_cell_types 100 2 50 3000 0.00827888134866861 0.0151422708942687
UMAP all_cell_types 500 4 50 3000 -0.00230835125095741 -0.000327795615272519
UMAP all_cell_types 100 5 50 3000 -0.009581256218131 0.000550428632817845
UMAP all_cell_types 1000 1 50 20000 0.00382779308496906 0.00289556647762923
UMAP all_cell_types 1000 3 50 20000 -0.00175355758233398 -0.000750379170382898
UMAP all_cell_types 1000 4 50 20000 0.0143826203720818 0.00898252513467668
UMAP all_cell_types 500 2 50 20000 -0.00274710377947374 -0.000820523317702326
UMAP all_cell_types 500 3 50 20000 -0.00207848543671019 -6.96185928763526e-05
UMAP all_cell_types 500 1 50 20000 -0.000152271107863644 0.00142393198031288
UMAP all_cell_types 100 3 50 20000 0.0731078209378194 0.0783763066437333
UMAP all_cell_types 500 5 50 20000 -0.00382762689555505 -0.00181606899161268
UMAP all_cell_types 500 4 50 20000 -0.0019332105586225 -0.000946174340870076
UMAP all_cell_types 100 5 50 20000 0.003914609782395 0.0128212924566028
UMAP all_cell_types 100 1 50 20000 0.0271604350655448 0.0357635392331046
UMAP all_cell_types 100 2 50 20000 -0.00860243474559219 -0.00552250132011389
UMAP all_cell_types 100 4 50 20000 0.0919509418806085 0.0745666041256826
PCA all_cell_types 25000 2 50 3000 0.0694542740035521 0.01110083352001
PCA all_cell_types 15000 1 50 3000 0.0572867040128093 0.00731575648197158
PCA all_cell_types 25000 4 50 3000 0.0588656677444028 0.015353316770188
PCA all_cell_types 10000 1 50 3000 0.05229297580506 0.00773265321911931
PCA all_cell_types 10000 5 50 3000 0.0551655884024327 0.0132822078481757
PCA all_cell_types 10000 4 50 3000 0.048653332878056 0.00690332964117457
PCA all_cell_types 10000 2 50 3000 0.048639963431254 0.0167438063189599
PCA all_cell_types 5000 3 50 3000 0.0381571971233562 0.00399139187497077
PCA all_cell_types 5000 5 50 3000 0.0454593348834061 0.0086592921399945
PCA all_cell_types 1000 1 50 3000 0.0145295284224625 0.00957407035156732
PCA all_cell_types 1000 3 50 3000 0.0186059665144518 0.00616698070124733
PCA all_cell_types 5000 2 50 3000 0.0412592519770388 0.00724982497098781
PCA all_cell_types 1000 4 50 3000 0.0237442607095402 0.00848132500069987
PCA all_cell_types 5000 4 50 3000 0.0384408934704181 0.0086593340429687
PCA all_cell_types 500 1 50 3000 -0.000306887607683048 0.0125345259014763
PCA all_cell_types 500 5 50 3000 0.036527462633574 0.0251970476595764
PCA all_cell_types 500 2 50 3000 0.00685525667634446 0.00926173954124199
PCA all_cell_types 100 3 50 3000 0.0460477156811318 0.0579357386684088
PCA all_cell_types 1000 5 50 3000 0.0264446522694923 0.00595898191835542
PCA all_cell_types 1000 2 50 3000 0.0236397515329307 0.00748956255635902
PCA all_cell_types 500 4 50 3000 0.0123917542719082 0.00951618522889641
PCA all_cell_types 500 3 50 3000 0.00632713926773043 0.0115359961402652
PCA all_cell_types 100 2 50 3000 0.136826774621199 0.0439007568136727
PCA all_cell_types 100 1 50 3000 0.0176741841447331 0.0379445514018484
PCA all_cell_types 100 4 50 3000 0.0935932537797858 0.0520396303750581
PCA all_cell_types 100 5 50 3000 -0.0129699512858605 0.0360504463917599
PCA all_cell_types 1000 1 50 20000 0.157690837288575 0.0520678727173679
PCA all_cell_types 1000 3 50 20000 0.183407211220222 0.0694744791949934
PCA all_cell_types 1000 2 50 20000 0.162318838701512 0.0390068661293266
PCA all_cell_types 1000 5 50 20000 0.159973845919107 0.038973746860077
PCA all_cell_types 500 2 50 20000 0.13411775358405 0.0523940225444567
PCA all_cell_types 1000 4 50 20000 0.182134917908341 0.0660318106340091
PCA all_cell_types 100 1 50 20000 0.154264444859947 0.0927503098498552
PCA all_cell_types 500 4 50 20000 0.162168815535319 0.0370681731584291
PCA all_cell_types 500 3 50 20000 0.183150048198075 0.0453559664693518
PCA all_cell_types 100 3 50 20000 0.164821017316331 0.0523905791862559
PCA all_cell_types 100 2 50 20000 0.157498773284717 0.0549444594517142
PCA all_cell_types 500 5 50 20000 0.16178458668627 0.0371278903011416
PCA all_cell_types 100 4 50 20000 0.133739844378515 0.0696832205355962
UMAP int_ex 1000 1 50 3000 0.00951832933392749 0.00960263620422186
UMAP int_ex 5000 2 50 3000 0.00683329846911873 0.00584608415592458
UMAP int_ex 500 2 50 3000 0.0327331532184101 0.028192988571631
UMAP int_ex 10000 4 50 3000 0.00669384909092396 0.00606567901423727
UMAP int_ex 100 1 50 3000 0.0140700510640832 0.0215510289793235
UMAP int_ex 1000 3 50 3000 0.00692950052273178 0.00604359915923791
UMAP int_ex 1000 5 50 3000 0.00286714993472392 0.00180955513212766
UMAP int_ex 500 1 50 3000 -0.00328760674024386 -0.0015108621631541
UMAP int_ex 500 3 50 3000 0.00454459209519908 0.00310374192584617
UMAP int_ex 500 4 50 3000 -0.00337313328682676 -0.00138612510566283
UMAP int_ex 10000 3 50 3000 0.000226527173120661 0.000215581222798189
UMAP int_ex 10000 5 50 3000 0.01030093656301 0.00888527275375628
UMAP int_ex 500 5 50 3000 0.0034648548516415 0.00291593966054138
UMAP int_ex 100 2 50 3000 0.0318781201524099 0.0415929775147419
UMAP int_ex 100 3 50 3000 -0.0153623104498721 -0.00600099278249777
UMAP int_ex 100 5 50 3000 -0.00833352822017952 -0.00363118749374758
UMAP int_ex 100 4 50 3000 -0.000334151389179027 0.00110583270824927
UMAP int_ex 1000 5 50 19425 0.00361484168045401 0.00271711102171435
UMAP int_ex 100 1 50 19425 -0.0164749513689972 -0.00779416643346487
UMAP int_ex 500 2 50 19425 -0.000127574339841896 0.000107740941982071
UMAP int_ex 1000 4 50 19425 0.00149539607441174 0.00159008791078619
UMAP int_ex 100 3 50 19425 0.0255598767405415 0.0164854912437864
UMAP int_ex 100 2 50 19425 0.00531021256939845 0.0123530897394889
UMAP int_ex 100 5 50 19425 0.0780874672813873 0.0867531573646982
UMAP int_ex 5000 4 50 19425 0.00329179044898631 0.0023696597675682
PCA int_ex 10000 1 50 3000 0.365683278336151 0.116411778152085
PCA int_ex all 2 50 3000 0.384879876108087 0.100370093833125
PCA int_ex 10000 2 50 3000 0.371081411801345 0.0956571239501453
PCA int_ex 10000 4 50 3000 0.369264340020174 0.107085508476202
PCA int_ex 10000 5 50 3000 0.373844047944656 0.0964719744308038
PCA int_ex 5000 2 50 3000 0.350038746519456 0.0764932477248254
PCA int_ex all 3 50 3000 0.384879876108087 0.100370093833125
PCA int_ex 5000 3 50 3000 0.367008016387898 0.10350481699577
PCA int_ex 1000 1 50 3000 0.311406646602924 0.0511788047701717
PCA int_ex 1000 2 50 3000 0.352514777811768 0.0810735222549409
PCA int_ex 5000 5 50 3000 0.35686270977863 0.103590086646099
PCA int_ex 1000 4 50 3000 0.337941967578698 0.104307059082444
PCA int_ex 5000 1 50 3000 0.336240768296642 0.111314033592262
PCA int_ex 1000 5 50 3000 0.341530788807028 0.105443467533374
PCA int_ex 500 1 50 3000 0.310732347607956 0.044665309325854
PCA int_ex 500 4 50 3000 0.32135100256123 0.0710964304974485
PCA int_ex 5000 4 50 3000 0.33559703562708 0.114549784121717
PCA int_ex 100 2 50 3000 0.371317329167133 0.0878648262431168
PCA int_ex 500 3 50 3000 0.343757730901521 0.100078893901194
PCA int_ex 100 1 50 3000 0.360125252240674 0.0860678878526406
PCA int_ex 100 5 50 3000 0.235456773567169 0.0908609087167274
PCA int_ex 1000 3 50 3000 0.322136693796597 0.0592267552079687
PCA int_ex 100 4 50 3000 0.284964124308745 0.0566184716235825
PCA int_ex 500 2 50 3000 0.367492222941754 0.0796151102044214
PCA int_ex 500 5 50 3000 0.337343370671902 0.103918021223795
PCA int_ex 100 3 50 3000 0.31444401742087 0.0808304897685999
PCA int_ex 5000 2 50 19425 0.494140679582164 0.168198097056242
PCA int_ex 1000 3 50 19425 0.44412170706502 0.133321303379392
PCA int_ex 1000 4 50 19425 0.467109725851573 0.199663349611692
PCA int_ex 500 1 50 19425 0.416311685468996 0.122463686395348
PCA int_ex 1000 5 50 19425 0.436631275494597 0.15136613788957
PCA int_ex 500 5 50 19425 0.410853642694268 0.1904139895235
PCA int_ex 100 3 50 19425 0.540189236924313 0.0625045513982151
PCA int_ex 500 4 50 19425 0.444111612603408 0.186521413178761
PCA int_ex 100 2 50 19425 0.426660801855758 0.146977937409696
PCA int_ex 100 1 50 19425 0.337452391098027 0.135143598595205
PCA int_ex 100 5 50 19425 0.403578853380364 0.0549480260639088
PCA int_ex 100 4 50 19425 0.401233070610321 0.0666744641426444
Cond_PCA all_cell_types 10000 2 50 3000 0.0715573728813929 0.0145002606780706
Cond_PCA all_cell_types 10000 1 50 3000 0.0756285620719992 0.0164941735343157
Cond_PCA all_cell_types 5000 1 50 3000 0.0683773389405684 0.0105108525853133
Cond_PCA all_cell_types 1000 3 50 3000 0.0410275750288361 0.0089988569247258
Cond_PCA all_cell_types 1000 2 50 3000 0.031852414294232 0.0102953197486817
Cond_PCA all_cell_types 1000 1 50 3000 0.0164238217958277 0.00798856750918442
Cond_PCA all_cell_types 5000 5 50 3000 0.0625939825420283 0.0189938199096116
Cond_PCA all_cell_types 5000 4 50 3000 0.0666935362017312 0.0207827619861696
Cond_PCA all_cell_types 1000 5 50 3000 0.0457878500339459 0.0135280100753373
Cond_PCA all_cell_types 1000 4 50 3000 0.0271734526827522 0.0133772869084867
Cond_PCA all_cell_types 5000 3 50 3000 0.0528467973086317 0.0105763071626656
Cond_PCA all_cell_types 500 1 50 3000 0.0029263043437705 0.00582161011703108
Cond_PCA all_cell_types 500 2 50 3000 0.0209050313897702 0.00893706241351921
Cond_PCA all_cell_types 500 3 50 3000 0.0127870660658205 0.00808980511556767
Cond_PCA all_cell_types 500 4 50 3000 0.0342099016550407 0.0140417547917262
Cond_PCA all_cell_types 100 1 50 3000 -0.0864479814444534 0.0280680174076819
Cond_PCA all_cell_types 500 5 50 3000 0.0214748247180633 0.0187000472100136
Cond_PCA all_cell_types 100 5 50 3000 -0.0891799226841961 0.0431234143025075
Cond_PCA all_cell_types 100 2 50 3000 0.134714768824477 0.143190780659749
Cond_PCA all_cell_types 100 4 50 3000 0.0736648053950095 0.0588475835705345
Cond_PCA all_cell_types 100 3 50 3000 0.0173436711153021 0.0526407803763094
Cond_PCA all_cell_types 100 1 50 20000 0.139532408178138 0.0457339352800943
Cond_PCA all_cell_types 100 3 50 20000 0.0380212019452122 0.0745096461045887
Cond_PCA all_cell_types 100 2 50 20000 0.119064872799988 0.0677047765559718
Cond_PCA all_cell_types 500 1 50 20000 0.10827656316373 0.0359645958471182
Cond_PCA all_cell_types 500 4 50 20000 0.17329614534641 0.036124397624158
Cond_PCA all_cell_types 500 3 50 20000 0.183893498294179 0.045387025776387
Cond_PCA all_cell_types 500 5 50 20000 0.164915220771476 0.035061686987616
Cond_PCA int_ex 1000 1 50 3000 0.321349030575771 0.0395655231708175
Cond_PCA int_ex 1000 3 50 3000 0.319611263676921 0.0476128312017621
Cond_PCA int_ex 1000 2 50 3000 0.355693285288941 0.0642534208966727
Cond_PCA all_cell_types 500 2 50 20000 0.14576543614752 0.03713702839355
Cond_PCA int_ex 1000 4 50 3000 0.336955705786892 0.0767307286795667
Cond_PCA int_ex 500 1 50 3000 0.313356497001973 0.0400038887552454
Cond_PCA int_ex 1000 5 50 3000 0.343316429051695 0.0491535403812215
Cond_PCA int_ex 5000 5 50 3000 0.358540359747773 0.0840751449695022
Cond_PCA int_ex 500 4 50 3000 0.320971774503918 0.0456880919692987
Cond_PCA int_ex 500 3 50 3000 0.339563617146871 0.0704270428353346
Cond_PCA int_ex 100 2 50 3000 0.407079453953617 0.0717401314183076
Cond_PCA int_ex 500 5 50 3000 0.343668947482977 0.100505884608252
Cond_PCA int_ex 500 2 50 3000 0.3558669996138 0.0418980619426652
Cond_PCA int_ex 100 1 50 3000 0.316275010884943 0.102964625589127
Cond_PCA int_ex 100 3 50 3000 0.321732999638799 0.0909087159420893
Cond_PCA int_ex 100 4 50 3000 0.270188874848662 0.0535851287587072
Cond_PCA int_ex 100 5 50 3000 0.236674579083712 0.148848254124181
Cond_PCA all_cell_types 1000 1 50 20000 0.176114188491698 0.0226445436772349
Cond_PCA all_cell_types 1000 4 50 20000 0.175739574569322 0.0532704661067941
Cond_PCA all_cell_types 1000 5 50 20000 0.17758848708092 0.0388087201107408
Cond_PCA int_ex 100 1 50 19425 0.269934943476975 0.153375278386835
Cond_PCA int_ex 100 4 50 19425 0.389447077526419 0.0825166600209983
Cond_PCA int_ex 100 2 50 19425 0.428348943168777 0.201054761640936
Cond_PCA int_ex 100 5 50 19425 0.384331523318259 0.0946585044472336
Cond_PCA int_ex 100 3 50 19425 0.509433650241532 0.112358605383664
Cond_PCA int_ex 500 1 50 19425 0.416349101743987 0.103065768702208
Cond_PCA int_ex 500 3 50 19425 0.438754704055447 0.124110189830533
Cond_PCA int_ex 500 5 50 19425 0.410783000192662 0.161371591042656
Cond_PCA int_ex 500 2 50 19425 0.465190963041973 0.117856853563369
Cond_PCA int_ex 500 4 50 19425 0.437810323686409 0.164686433787976
Cond_PCA int_ex 1000 1 50 19425 0.460172941364836 0.2061821707268
Cond_PCA int_ex 1000 3 50 19425 0.440567313888026 0.105936519016192
Cond_PCA int_ex 1000 5 50 19425 0.434363586546647 0.117582822737359
Cond_PCA int_ex 1000 4 50 19425 0.463321092682203 0.168494862758141
scaled_NMF int_ex 1000 1 50 3000 0.0614632123749312 0.037743109588972
scaled_NMF int_ex 1000 2 50 3000 0.0767347452558221 0.0419471151896188
scaled_NMF int_ex 1000 3 50 3000 0.0523744619966519 0.0326489506863648
scaled_NMF int_ex 500 1 50 3000 0.0203190787201923 0.0108902291736529
scaled_NMF int_ex 500 2 50 3000 0.0229624690417615 0.0166753243093709
scaled_NMF int_ex 100 1 50 3000 0.00726664766780927 0.0276876903834699
scaled_NMF int_ex 500 3 50 3000 0.059275408077907 0.0094588320741863
scaled_NMF int_ex 100 2 50 3000 -0.0856638730189381 0.0231769908187972
scaled_NMF int_ex 100 3 50 3000 0.0901021831494435 0.0398182211505921
scaled_NMF int_ex 100 4 50 3000 0.023111396015704 0.0309604245507076
scaled_NMF int_ex 100 5 50 3000 0.00688030730054323 0.0273450053262061
scaled_NMF int_ex 50 1 50 3000 0.69637420295597 0.0439957196051485
scaled_NMF int_ex 50 2 50 3000 0.363878142851361 0.0179780815170546
scaled_NMF int_ex 50 3 50 3000 -0.279457641145564 0.070613249838786
scaled_NMF int_ex 50 4 50 3000 -0.580710694759538 0.0581137657476317
scaled_NMF int_ex 50 5 50 3000 -0.29388004599539 0.0303053970005663
scaled_NMF int_ex 1000 5 50 3000 0.119513226729705 0.0982640872394566
scaled_NMF int_ex 500 5 50 3000 0.128265160860299 0.0481271009910894
scaled_NMF int_ex 500 4 50 3000 0.0458389631434203 0.0118400701001131
scaled_NMF int_ex 1000 4 50 3000 0.132767256421909 0.0345592266636572
NMF all_cell_types 1000 1 50 3000 0.055444826899641 0.0160774982230749
NMF all_cell_types 1000 2 50 3000 0.0728762326914638 0.0141234098342226
scaled_NMF int_ex 5000 3 50 3000 0.212706095695215 0.172692059560537
scaled_NMF int_ex 5000 1 50 3000 0.200352062722644 0.159494757889906
scaled_NMF int_ex 5000 2 50 3000 0.202899278539715 0.16313698646934
NMF all_cell_types 500 1 50 3000 0.0846974737083362 0.0326799714807109
NMF all_cell_types 500 2 50 3000 0.0320577110156884 0.0103769318192949
NMF all_cell_types 1000 3 50 3000 0.046141738911308 0.0102278252190098
NMF all_cell_types 1000 4 50 3000 0.0762799602353528 0.0238963301982883
NMF all_cell_types 100 1 50 3000 0.122880125743304 0.0588046936746135
NMF all_cell_types 1000 5 50 3000 0.074971722193374 0.0125271717714439
NMF all_cell_types 500 3 50 3000 0.0357105091725033 0.0195096935894737
NMF all_cell_types 100 2 50 3000 0.128450148733735 0.07685962675681
NMF all_cell_types 500 4 50 3000 0.0973362545759854 0.0243267582719038
NMF all_cell_types 100 3 50 3000 0.163587251689679 0.057325750507237
NMF all_cell_types 100 4 50 3000 0.237454731626248 0.061399503136383
NMF all_cell_types 50 1 50 3000 0.00267092036461747 0.08097811435492
NMF all_cell_types 100 5 50 3000 0.118709578919442 0.0360213077093716
NMF all_cell_types 50 2 50 3000 -0.273293227725092 0.0240217434512395
NMF all_cell_types 50 4 50 3000 0.335995430367787 0.0656275757651571
NMF all_cell_types 50 3 50 3000 0.544723311110905 0.0402612429683731
NMF all_cell_types 500 5 50 3000 0.0917363788991867 0.0170554847764776
NMF all_cell_types 50 5 50 3000 0.961143578174759 0.0438197104730875
scaled_NMF int_ex 5000 5 50 3000 0.244378328822501 0.195818301302898
scaled_NMF int_ex 5000 4 50 3000 0.221179777725049 0.18587883423963
NMF all_cell_types 5000 1 50 3000 0.103400624668879 0.0174131535243096
NMF all_cell_types 5000 2 50 3000 0.0673928116447576 0.0107583722803981
NMF all_cell_types 5000 4 50 3000 0.0915603091100352 0.0143650125868727
NMF all_cell_types 5000 3 50 3000 0.0952503297856332 0.0132062094614115
NMF all_cell_types 5000 5 50 3000 0.063637219010774 0.0103820789177094
scaled_NMF all_cell_types 1000 1 50 3000 0.0421156345405983 0.012624574490452
scaled_NMF all_cell_types 1000 2 50 3000 0.0369787144065171 0.00864784573411448
scaled_NMF all_cell_types 1000 3 50 3000 0.013191149527361 0.00478858665727311
scaled_NMF all_cell_types 1000 4 50 3000 0.0467937927257484 0.0170566701619662
scaled_NMF all_cell_types 500 1 50 3000 0.00666066759559136 0.0112158193563738
scaled_NMF all_cell_types 1000 5 50 3000 0.0267259809169468 0.00509353829688541
scaled_NMF all_cell_types 100 1 50 3000 0.0732994051863621 0.0539745392905164
scaled_NMF all_cell_types 500 2 50 3000 0.0185467255011172 0.00712527038197164
scaled_NMF all_cell_types 500 3 50 3000 0.0303983219603001 0.0114240558447282
scaled_NMF all_cell_types 100 2 50 3000 0.028851116310833 0.0213529189276379
scaled_NMF all_cell_types 100 3 50 3000 0.222752916515938 0.0427041554603615
scaled_NMF all_cell_types 50 1 50 3000 -0.103592206731985 0.0810545440631958
scaled_NMF all_cell_types 100 5 50 3000 -0.0556511581564514 0.0202819922220711
scaled_NMF all_cell_types 100 4 50 3000 0.026044204622821 0.0282551782735668
scaled_NMF all_cell_types 500 4 50 3000 0.0186679510116968 0.0137143868752113
scaled_NMF all_cell_types 50 2 50 3000 0.474014022909055 0.0407967517461111
scaled_NMF all_cell_types 50 3 50 3000 -0.0835434298718463 0.0153813729861528
scaled_NMF all_cell_types 50 5 50 3000 0.423102400379661 0.0352850923165172
scaled_NMF all_cell_types 50 4 50 3000 0.0493889251839108 0.0351738338938847
scaled_NMF all_cell_types 500 5 50 3000 0.0443858695693042 0.0198404571888442
scaled_NMF all_cell_types 5000 1 50 3000 0.0258029469231789 0.00581637075234032
scaled_NMF int_ex 10000 3 50 3000 0.234989928516105 0.202256321124265
NMF int_ex 1000 4 50 3000 0.323153654361264 0.0955046974677746
NMF int_ex 1000 2 50 3000 0.248754219376808 0.0706959634680663
NMF int_ex 1000 3 50 3000 0.314980617027648 0.0871657982796978
scaled_NMF int_ex 10000 4 50 3000 0.228928088591831 0.196802745826059
scaled_NMF int_ex 10000 2 50 3000 0.232168086118134 0.195894792881922
NMF int_ex 1000 1 50 3000 0.276940764945467 0.179499337333164
NMF int_ex 1000 5 50 3000 0.291769892426875 0.108017837226053
scaled_NMF all_cell_types 5000 2 50 3000 0.028625602644433 0.00805622609747969
scaled_NMF int_ex 10000 5 50 3000 0.244578843159363 0.204579241325068
NMF int_ex 100 1 50 3000 0.312574745222055 0.0543479283179218
NMF int_ex 100 2 50 3000 0.282545076134977 0.0306459526165239
NMF int_ex 100 3 50 3000 0.307902680868635 0.041912302946812
scaled_NMF all_cell_types 5000 3 50 3000 0.0243189500664063 0.00882373496970768
NMF int_ex 100 4 50 3000 0.340480652089797 0.066942295590434
NMF int_ex 100 5 50 3000 0.302453890758121 0.0503509621296285
NMF int_ex 500 1 50 3000 0.219449258158969 0.0888579715553217
NMF int_ex 500 4 50 3000 0.246727348161977 0.0604216475996648
NMF int_ex 500 3 50 3000 0.316033897173195 0.12639588283989
NMF int_ex 500 5 50 3000 0.2670050645166 0.12076598774153
NMF int_ex 500 2 50 3000 0.208838647604087 0.0719757643857385
scaled_NMF all_cell_types 5000 4 50 3000 0.015691042647498 0.00893212806793009
scaled_NMF all_cell_types 5000 5 50 3000 0.0320132427396417 0.00878120525535764
scaled_NMF int_ex 10000 1 50 3000 0.215267746521542 0.167237136470562
scaled_NMF int_ex all 1 50 3000 0.226658812364807 0.189805045467756
NMF int_ex 5000 2 50 3000 0.332819498763583 0.0772857303371969
NMF int_ex 5000 1 50 3000 0.305481852066794 0.177094946892759
NMF int_ex 5000 3 50 3000 0.343845174129077 0.215764799087853
scaled_NMF int_ex all 3 50 3000 0.226658812364807 0.189805045467756
scaled_NMF int_ex all 5 50 3000 0.226658812364807 0.189805045467756
NMF int_ex 5000 4 50 3000 0.339530289352634 0.19211776825575
scaled_NMF int_ex all 2 50 3000 0.226658812364807 0.189805045467756
NMF int_ex 5000 5 50 3000 0.359028436482737 0.198445062645262
scaled_NMF int_ex all 4 50 3000 0.226658812364807 0.189805045467756
NMF int_ex 10000 2 50 3000 0.356978020743467 0.205058319313316
NMF int_ex 10000 4 50 3000 0.346400041081116 0.144850314564994
NMF int_ex 10000 3 50 3000 0.349948973143557 0.163234534208106
NMF int_ex 10000 1 50 3000 0.346278257629742 0.137816710474795
NMF int_ex 10000 5 50 3000 0.357754169300214 0.179644779588128
NMF int_ex all 1 50 3000 0.350717278332148 0.146283192712955
NMF all_cell_types 10000 1 50 3000 0.123435888269224 0.0243211200895688
NMF all_cell_types 10000 2 50 3000 0.128509957164589 0.0295892294661304
NMF all_cell_types 10000 3 50 3000 0.0982117101340049 0.0108153120287154
NMF all_cell_types 10000 4 50 3000 0.109087728274648 0.0117907194640359
NMF all_cell_types 10000 5 50 3000 0.109392890727832 0.0100981534196077
NMF all_cell_types 15000 1 50 3000 0.0780287185048938 0.0114072954862405
NMF all_cell_types 15000 3 50 3000 0.131668747257117 0.0147109387474161
NMF all_cell_types 15000 2 50 3000 0.111514171631454 0.015578626934811
NMF int_ex all 5 50 3000 0.350717278332148 0.146283192712955
NMF int_ex all 2 50 3000 0.350717278332148 0.146283192712955
NMF int_ex all 3 50 3000 0.350717278332148 0.146283192712955
NMF all_cell_types 15000 4 50 3000 0.153179768173266 0.0255198284553794
NMF int_ex all 4 50 3000 0.350717278332148 0.146283192712955
NMF all_cell_types 15000 5 50 3000 0.124610469008584 0.0130094126411447
NMF all_cell_types 25000 3 50 3000 0.112549428141811 0.0120649174329951
NMF all_cell_types 25000 1 50 3000 0.125367928374475 0.0142596988870551
NMF all_cell_types 25000 5 50 3000 0.123737776550258 0.0189846733533086
NMF all_cell_types 25000 4 50 3000 0.104931113277829 0.0135434586128806
NMF all_cell_types 25000 2 50 3000 0.123253693308307 0.0178698288080985
NMF all_cell_types 35000 2 50 3000 0.0903395791478647 0.0117410505106249
NMF all_cell_types 35000 1 50 3000 0.0724468342892213 0.0116326923304102
NMF all_cell_types 35000 4 50 3000 0.112718350698413 0.0138752837366362
scaled_NMF all_cell_types 25000 1 50 3000 0.0124893861422101 0.00569337891243216
NMF all_cell_types 35000 3 50 3000 0.121355922429562 0.0142718518590021
NMF all_cell_types 35000 5 50 3000 0.111450100253067 0.0112006516587564
scaled_NMF all_cell_types 15000 1 50 3000 0.0167670896628487 0.00455892077213604
scaled_NMF all_cell_types 25000 2 50 3000 0.0248260864913534 0.00968756182310715
scaled_NMF all_cell_types 25000 3 50 3000 0.0121867491492876 0.0045209993353954
scaled_NMF all_cell_types 10000 1 50 3000 0.0342867381608047 0.0111605880463608
scaled_NMF all_cell_types 10000 2 50 3000 0.022114345553135 0.00822471918088652
scaled_NMF all_cell_types 35000 1 50 3000 0.0243612103378265 0.00740635351521324
scaled_NMF all_cell_types 10000 3 50 3000 0.0343040658631923 0.00692857557312199
scaled_NMF all_cell_types 10000 5 50 3000 0.0239201877726867 0.00783391167327141
scaled_NMF all_cell_types 15000 2 50 3000 0.0110953567036902 0.00508008134902327
scaled_NMF all_cell_types 10000 4 50 3000 0.013437937151859 0.00486109311806926
scaled_NMF all_cell_types 25000 4 50 3000 0.0250167450923648 0.00832913296260407
scaled_NMF all_cell_types 15000 4 50 3000 0.0177865138275229 0.00506081480003118
scaled_NMF all_cell_types 15000 3 50 3000 0.0346475984560709 0.00724790774438122
scaled_NMF all_cell_types 15000 5 50 3000 0.0210740615847554 0.0056858095486424
scaled_NMF all_cell_types 35000 4 50 3000 0.0133942320567947 0.00620833987621183
scaled_NMF all_cell_types 35000 3 50 3000 0.0331406620149971 0.00821009948321483
scaled_NMF all_cell_types 35000 2 50 3000 0.0159407692316407 0.00431874492073026
scaled_NMF all_cell_types 35000 5 50 3000 0.0321475082975444 0.00677923531288271
scaled_NMF all_cell_types 25000 5 50 3000 0.0143397462369297 0.00446216211014749
NMF all_cell_types 100 1 50 20000 0.0712989361050712 0.0349594357877234
NMF all_cell_types 50 1 50 20000 -1.42418877095727 0.0292449139280127
NMF all_cell_types 50 3 50 20000 -1.442882290207 0.0269897828250562
NMF all_cell_types 50 2 50 20000 0.999777602189403 0.040806535559774
NMF all_cell_types 100 2 50 20000 0.0247009523302897 0.0596476899075421
NMF all_cell_types 50 4 50 20000 0.961649815160334 0.0356292885840117
NMF all_cell_types 50 5 50 20000 0.240360309909953 0.00688333584721057
NMF all_cell_types 100 3 50 20000 0.134334649705851 0.0334629101325152
NMF all_cell_types 100 4 50 20000 0.135077482080462 0.0803125742210868
NMF all_cell_types 100 5 50 20000 0.180980853029813 0.036787303457273
scaled_NMF all_cell_types 100 1 50 20000 -0.148894594744724 0.0340132483835244
scaled_NMF all_cell_types 50 1 50 20000 0.253634090293229 0.0292449139280127
scaled_NMF all_cell_types 100 3 50 20000 0.00412696739979868 0.0334777737719264
scaled_NMF all_cell_types 100 2 50 20000 -0.0515080314890546 0.0281963790223222
scaled_NMF all_cell_types 100 4 50 20000 -0.108731967919065 0.0287588286438929
scaled_NMF all_cell_types 100 5 50 20000 0.00780361581815681 0.035529784640543
scaled_NMF all_cell_types 50 3 50 20000 -0.346069312224368 0.0266903427846621
scaled_NMF all_cell_types 50 2 50 20000 0.724170574361124 0.0404051217456752
scaled_NMF all_cell_types 50 5 50 20000 -0.22206291378807 0.0351888174071883
scaled_NMF all_cell_types 50 4 50 20000 0.993493545655617 0.0235106912054202
scaled_NMF all_cell_types 500 5 50 20000 0.0061672618424311 0.00728751695281737
scaled_NMF all_cell_types 500 4 50 20000 0.0377739285180091 0.00894304462807471
scaled_NMF all_cell_types 500 3 50 20000 0.0285233161712374 0.0109334747075751
scaled_NMF all_cell_types 500 2 50 20000 0.00926198459187466 0.00899392511376595
NMF all_cell_types 1000 1 50 20000 0.0363325015260721 0.0116043918105475
NMF all_cell_types 1000 3 50 20000 0.0371352066411833 0.0212562686345735
NMF all_cell_types all 4 50 3000 0.0874345928835202 0.0145266140270833
scaled_NMF all_cell_types 1000 5 50 20000 0.0426998128250683 0.01210782498853
NMF all_cell_types all 5 50 3000 0.0874345928835202 0.0145266140270833
NMF all_cell_types all 1 50 3000 0.0874345928835202 0.0145266140270833
NMF all_cell_types all 3 50 3000 0.0874345928835202 0.0145266140270833
NMF all_cell_types all 2 50 3000 0.0874345928835202 0.0145266140270833
PCA int_ex 500 2 50 19425 0.468805091945272 0.154272249631163
PCA int_ex 500 3 50 19425 0.440173911906969 0.106403457477967
PCA int_ex 10000 3 50 3000 0.375002017659 0.0941385566271278
PCA all_cell_types 10000 3 50 3000 0.0516085966062423 0.00753260889727658
PCA int_ex 1000 2 50 19425 0.474390634880586 0.144716573912357
PCA all_cell_types 15000 5 50 3000 0.0564907761458384 0.0131942531627171
PCA all_cell_types 500 1 50 20000 0.105938687259412 0.0251717190369329
UMAP all_cell_types 1000 3 50 3000 -0.00164441923794856 -0.000640767638693918
UMAP all_cell_types 1000 2 50 20000 0.0027413400769114 0.00311090081089349
PCA int_ex 1000 1 50 19425 0.450905136783297 0.208547981080831
PCA all_cell_types 5000 1 50 3000 0.0481980138270068 0.00626741110392481
PCA int_ex all 4 50 3000 0.384879876108088 0.100370093833127
PCA all_cell_types 15000 2 50 3000 0.0545870718456526 0.00801301096719975
PCA all_cell_types 15000 3 50 3000 0.0504673914299165 0.00638007099732585
PCA all_cell_types 15000 4 50 3000 0.0560188743156453 0.00639995526342729
PCA int_ex all 5 50 3000 0.384879876108088 0.100370093833127
PCA int_ex 5000 4 50 19425 0.491340089482536 0.160504479776746
PCA all_cell_types 25000 1 50 3000 0.0642938489465615 0.00738377207174723
PCA all_cell_types 5000 2 50 20000 0.219244525945246 0.046967429086415
PCA all_cell_types 25000 5 50 3000 0.0687221394707125 0.0177661850817847
PCA int_ex all 1 50 3000 0.384879876108088 0.100370093833127
PCA int_ex 5000 5 50 19425 0.489989894013446 0.206108815449833
PCA int_ex 5000 3 50 19425 0.51755085741755 0.192423081498983
PCA all_cell_types 35000 5 50 3000 0.0753756325208069 0.0194579300298099
PCA all_cell_types all 3 50 3000 0.0825622416102797 0.0154058873381946
PCA all_cell_types 35000 2 50 3000 0.0762362990069332 0.0104885769503716
PCA all_cell_types all 4 50 3000 0.0825622416102797 0.0154058873381946
PCA all_cell_types 35000 1 50 3000 0.0728102091560928 0.0119172340114765
PCA all_cell_types 35000 4 50 3000 0.0685433753748127 0.00989095759322023
PCA all_cell_types 5000 1 50 20000 0.221158304571248 0.0399026022304673
PCA all_cell_types 25000 3 50 3000 0.0622074165244928 0.0114829708364621
PCA all_cell_types 5000 5 50 20000 0.213686428768257 0.0368568231555212
PCA all_cell_types 35000 3 50 3000 0.0735396772980259 0.0144339431760883
PCA all_cell_types 5000 3 50 20000 0.221146123965203 0.0378350932853841
PCA int_ex 10000 5 50 19425 0.521147102979701 0.197302660859084
PCA int_ex 5000 1 50 19425 0.485165406037878 0.191946439830958
PCA int_ex 10000 1 50 19425 0.511527880645883 0.187764867633861
PCA int_ex 10000 3 50 19425 0.523477537665746 0.186953061302158
PCA all_cell_types 10000 4 50 20000 0.236653469549608 0.0471571838626661
PCA int_ex 10000 2 50 19425 0.514015019449208 0.17951048442606
UMAP all_cell_types 10000 4 50 3000 0.00439731978290758 0.00440228341326698
PCA int_ex 10000 4 50 19425 0.515440671392915 0.1762437688958
PCA all_cell_types all 1 50 3000 0.0825622416102778 0.0154058873381949
UMAP all_cell_types 10000 1 50 3000 0.00254879752136494 0.0013529149347582
PCA all_cell_types 5000 4 50 20000 0.21344523570334 0.0661289422938862
PCA all_cell_types 15000 4 50 20000 0.247129246179597 0.0450971469993228
UMAP all_cell_types 15000 3 50 3000 0.0057725826595354 0.00575888774459932
PCA all_cell_types 10000 1 50 20000 0.261423329695069 0.0449321629379555
PCA all_cell_types 15000 2 50 20000 0.256616827934248 0.0450318970626817
PCA all_cell_types 25000 1 50 20000 0.281613651502932 0.0391670250586635
PCA int_ex all 1 50 19425 0.523688425772485 0.184500140131606
PCA all_cell_types 25000 2 50 20000 0.273068119828244 0.0459225691248104
PCA int_ex all 2 50 19425 0.523688425772485 0.184500140131606
PCA all_cell_types 25000 5 50 20000 0.302717742806141 0.0499294087649436
UMAP all_cell_types 10000 5 50 20000 0.00754212466529147 0.00620201807970466
UMAP all_cell_types 1000 5 50 20000 0.000720057647014993 0.000812651813517862
UMAP all_cell_types 10000 2 50 20000 0.00604546523422456 0.00586246899926068
PCA all_cell_types 25000 3 50 20000 0.280094862428793 0.0473963236261602
PCA int_ex all 5 50 19425 0.523688425772485 0.184500140131606
PCA int_ex all 3 50 19425 0.523688425772485 0.184500140131606
PCA all_cell_types 10000 3 50 20000 0.231113821088237 0.0408847984014001
UMAP all_cell_types 10000 4 50 20000 0.00520921677383412 0.00446248703513152
PCA int_ex all 4 50 19425 0.523688425772485 0.184500140131606
UMAP all_cell_types 15000 1 50 20000 0.00420313514488202 0.00227056640278012
PCA all_cell_types 35000 2 50 20000 0.303379798518322 0.0440493759772576
UMAP all_cell_types 5000 2 50 20000 0.00230350439833082 0.00198597029937719
PCA all_cell_types 35000 3 50 20000 0.286892699493264 0.0436657911148136
UMAP all_cell_types 5000 4 50 20000 0.0030396886913503 0.00304559955631911
UMAP all_cell_types 15000 4 50 20000 0.00533089799707054 0.00368853530334079
UMAP all_cell_types 5000 1 50 20000 0.00190977546301563 0.00122223660383691
UMAP all_cell_types 5000 3 50 20000 0.00612360128866429 0.00547478228463838
UMAP all_cell_types 5000 5 50 20000 0.0129190878919222 0.0082688079521992
UMAP int_ex 100 4 50 19425 -0.018044717356366 -0.00819819296918811
UMAP int_ex 500 3 50 19425 -0.00267195979428969 -0.000992731139070946
UMAP int_ex 1000 4 50 3000 0.0035945563756079 0.00166189020819196
UMAP int_ex 500 1 50 19425 -0.00323616218804901 -0.00131131516852467
UMAP all_cell_types 10000 1 50 20000 0.00329347365091603 0.00190580085834435
UMAP all_cell_types 15000 4 50 3000 0.00419233842982214 0.00251462418790571
UMAP int_ex 500 4 50 19425 0.0023196124616236 0.00211264567969272
UMAP all_cell_types 25000 2 50 3000 0.00301003147719459 0.00200267037905244
UMAP all_cell_types 25000 1 50 3000 0.00400126775871013 0.00252316679065656
UMAP int_ex 500 5 50 19425 0.00614761279472065 0.00784727344399472
PCA all_cell_types all 5 50 3000 0.0825622416102797 0.0154058873381946
UMAP int_ex 5000 5 50 3000 -5.65196583637295e-05 0.000133157204178502
PCA all_cell_types 15000 5 50 20000 0.24876382047775 0.0520171535209186
UMAP all_cell_types 25000 3 50 3000 0.00399452964520619 0.00301642372797795
UMAP int_ex 1000 2 50 19425 0.00427078935962855 0.00446390427903198
PCA all_cell_types 35000 4 50 20000 0.303842605372302 0.042828334820931
UMAP int_ex 1000 1 50 19425 0.0070381859437143 0.00778800348313546
UMAP int_ex 5000 1 50 3000 0.00314161107378352 0.00198346105779501
UMAP all_cell_types 35000 2 50 3000 0.00333830647028555 0.0033505807091555
UMAP int_ex 1000 2 50 3000 0.000886469447447746 0.00188603930697939
PCA all_cell_types 35000 5 50 20000 0.312289028114028 0.04557448551355
UMAP all_cell_types 25000 4 50 3000 0.00301241634104432 0.00274335515208091
UMAP int_ex all 4 50 3000 0.00217839397486752 0.00224069667975735
UMAP int_ex 5000 3 50 3000 0.00123726694526971 0.00143703239692461
UMAP all_cell_types 15000 5 50 20000 0.00521208633624137 0.00367827197676396
UMAP all_cell_types 15000 5 50 3000 0.00155668952151855 0.00105137737042593
UMAP int_ex 1000 3 50 19425 7.75589294343959e-06 0.000309433308528173
UMAP int_ex all 2 50 3000 0.00217839397486752 0.00224069667975735
UMAP int_ex 10000 2 50 3000 0.00421190331171784 0.00372057332368481
UMAP all_cell_types 35000 1 50 3000 0.00322244696987584 0.00177551164597889
PCA all_cell_types 10000 5 50 20000 0.241034263802508 0.047119708798998
UMAP int_ex 5000 4 50 3000 0.00161841795477857 0.00145847794781739
UMAP int_ex 5000 2 50 19425 -2.36003234528326e-05 3.04408005490364e-05
UMAP all_cell_types 35000 5 50 3000 0.00356226101616053 0.00197578561419454
UMAP all_cell_types 35000 3 50 3000 0.0036140144585437 0.00345953682151512
UMAP int_ex all 1 50 3000 0.00217839397486752 0.00224069667975735
UMAP all_cell_types 15000 1 50 3000 0.0034637785967303 0.00225240364558144
UMAP int_ex 5000 1 50 19425 0.00426765260525397 0.00293331670592678
UMAP int_ex all 5 50 3000 0.00217839397486752 0.00224069667975735
UMAP all_cell_types 35000 4 50 3000 0.00380027080452383 0.00206930177494247
UMAP int_ex 10000 1 50 3000 0.00189092489150378 0.00109395433061321
UMAP int_ex 5000 5 50 19425 0.00495883522606788 0.00233338051650234
UMAP int_ex 10000 1 50 19425 0.0119225923374962 0.00423085497744369
UMAP all_cell_types all 1 50 3000 0.00354329865492997 0.0023636415078514
UMAP int_ex 5000 3 50 19425 0.00101490435404417 0.00121101070147778
UMAP all_cell_types 25000 2 50 20000 0.00635799943554871 0.00421275529847509
UMAP int_ex all 3 50 3000 0.00217839397486752 0.00224069667975735
UMAP all_cell_types all 3 50 3000 0.00354329865492997 0.0023636415078514
UMAP all_cell_types 25000 3 50 20000 0.00695577254227264 0.00532350601166176
Cond_PCA all_cell_types 5000 2 50 3000 0.0646155629886821 0.010670477627395
UMAP int_ex all 5 50 19425 0.0128785481394017 0.00616539424620721
UMAP all_cell_types 15000 2 50 20000 0.00619818571540354 0.00518858375521325
UMAP all_cell_types 25000 5 50 20000 0.00560533581331157 0.00361086508956954
UMAP all_cell_types all 5 50 3000 0.00354329865492997 0.0023636415078514
UMAP int_ex all 2 50 19425 0.0128785481394017 0.00616539424620721
Cond_PCA all_cell_types 100 4 50 20000 -0.0361552910986886 0.064511946655341
UMAP int_ex 10000 3 50 19425 0.0123274179843921 0.00859874875999
UMAP all_cell_types all 2 50 3000 0.00354329865492997 0.0023636415078514
UMAP int_ex all 4 50 19425 0.0128785481394017 0.00616539424620721
UMAP all_cell_types 35000 3 50 20000 0.00643057173037587 0.00451190750206565
Cond_PCA all_cell_types 10000 5 50 3000 0.07374876835814 0.0208068213988705
Cond_PCA all_cell_types 100 5 50 20000 -0.0171892947303376 0.0954620543333853
PCA all_cell_types all 5 50 20000 0.310406338796904 0.0449585476616174
PCA all_cell_types all 2 50 20000 0.310406338796905 0.044958547661618
UMAP all_cell_types 25000 5 50 3000 0.00338046263725023 0.00187139510541756
UMAP int_ex all 3 50 19425 0.0128785481394017 0.00616539424620721
UMAP all_cell_types 35000 4 50 20000 0.00707022914196187 0.00462069142665156
UMAP int_ex 10000 2 50 19425 0.00425987894675206 0.00324478822044183
Cond_PCA all_cell_types 10000 3 50 3000 0.0722481621664719 0.0184985079401974
Cond_PCA all_cell_types 15000 3 50 3000 0.0765539793416961 0.0163120768786316
Cond_PCA all_cell_types 15000 4 50 3000 0.080940399971966 0.0133192294887049
Cond_PCA all_cell_types 15000 5 50 3000 0.0850613131283315 0.0208568813664004
PCA all_cell_types all 4 50 20000 0.310406338796904 0.0449585476616174
Cond_PCA all_cell_types 25000 5 50 3000 0.119290347758747 0.021562172654699
Cond_PCA all_cell_types 10000 4 50 3000 0.0768833101470315 0.0222221344483503
Cond_PCA all_cell_types 25000 2 50 3000 0.11405532550795 0.0271815027357832
Cond_PCA all_cell_types 25000 4 50 3000 0.105737695946829 0.0208636183234164
Cond_PCA all_cell_types 25000 3 50 3000 0.115453311690918 0.02647045830633
UMAP int_ex 10000 5 50 19425 0.000163852057823544 0.000244513372469668
PCA all_cell_types all 3 50 20000 0.310406338796904 0.0449585476616174
Cond_PCA all_cell_types 35000 2 50 3000 0.129917458030389 0.0284502369829706
UMAP all_cell_types 25000 4 50 20000 0.00646780656194124 0.00507134216442628
UMAP all_cell_types 35000 5 50 20000 0.00193476007008531 0.0011688276190287
Cond_PCA all_cell_types 15000 2 50 3000 0.0883826478572763 0.0153897881968553
Cond_PCA all_cell_types 35000 1 50 3000 0.125847613109907 0.0242860024857612
Cond_PCA all_cell_types 35000 5 50 3000 0.131253367195933 0.0293891523325492
Cond_PCA all_cell_types 35000 4 50 3000 0.123695225973491 0.0155076594010835
Cond_PCA all_cell_types 15000 1 50 3000 0.0895826172399289 0.0194123768910087
Cond_PCA all_cell_types 25000 1 50 3000 0.110357450354491 0.0257939187315602
UMAP all_cell_types 35000 1 50 20000 0.00403063945904969 0.00403415632579429
UMAP int_ex 10000 4 50 19425 0.0168922139409069 0.00576410282711171
UMAP all_cell_types all 3 50 20000 0.000917670894917011 0.00078153227133726
UMAP all_cell_types 25000 1 50 20000 0.00681047278541791 0.00498011501078932
UMAP int_ex all 1 50 19425 0.00672112376711964 0.00328266648150932
UMAP all_cell_types all 1 50 20000 0.000917670894917011 0.00078153227133726
UMAP all_cell_types all 2 50 20000 0.000917670894917011 0.00078153227133726
Cond_PCA all_cell_types 1000 3 50 20000 0.196811195045157 0.0749256763782902
Cond_PCA all_cell_types 1000 2 50 20000 0.16782105373865 0.0332238867812212
UMAP all_cell_types all 4 50 20000 0.000917670894917011 0.00078153227133726
UMAP all_cell_types 35000 2 50 20000 0.0056695361360185 0.00389206107485085
UMAP all_cell_types all 5 50 20000 0.000917670894917011 0.00078153227133726
Cond_PCA all_cell_types 35000 3 50 3000 0.132584552867208 0.0179652373170508
Cond_PCA int_ex 5000 4 50 3000 0.337873132747555 0.090161340393724
Cond_PCA int_ex 5000 3 50 3000 0.363198708066932 0.101189920078011
Cond_PCA int_ex 5000 2 50 3000 0.352021391460667 0.0772070044904498
Cond_PCA int_ex 5000 1 50 3000 0.336566110187954 0.0973352082398945
Cond_PCA int_ex 10000 3 50 3000 0.373320525874679 0.105111904648634
Cond_PCA int_ex 10000 2 50 3000 0.371078079349537 0.0814457079237003
Cond_PCA int_ex 10000 5 50 3000 0.371806307283551 0.0837698219154839
Cond_PCA int_ex 10000 4 50 3000 0.369239309914324 0.0886725747075973
Cond_PCA int_ex 10000 1 50 3000 0.36132412853265 0.112410805305279
Cond_PCA int_ex all 2 50 3000 0.387236710551758 0.106746960094585
Cond_PCA int_ex all 1 50 3000 0.387236710551758 0.106746960094587
Cond_PCA int_ex all 4 50 3000 0.387236710551758 0.106746960094585
Cond_PCA int_ex all 3 50 3000 0.387236710551758 0.106746960094586
Cond_PCA all_cell_types all 4 50 3000 0.136905101035313 0.0279548456635637
Cond_PCA all_cell_types all 1 50 3000 0.136905101035313 0.0279548456635637
Cond_PCA all_cell_types all 2 50 3000 0.136905101035313 0.0279548456635637
Cond_PCA all_cell_types all 3 50 3000 0.136905101035313 0.0279548456635637
Cond_PCA all_cell_types all 5 50 3000 0.136905101035313 0.0279548456635637
Cond_PCA int_ex all 5 50 3000 0.387236710551758 0.106746960094586
Cond_PCA int_ex 1000 2 50 19425 0.474528213242746 0.15974676567158
Cond_PCA all_cell_types 5000 2 50 20000 0.235788944301822 0.0471619908680365
PCA all_cell_types all 1 50 20000 0.310406338796902 0.0449585476616174
Cond_PCA all_cell_types 5000 1 50 20000 0.238059869765109 0.0420857144534178
Cond_PCA all_cell_types 5000 4 50 20000 0.226025610124753 0.0409853877928675
Cond_PCA all_cell_types 5000 3 50 20000 0.229801268924245 0.0492791575116951
Cond_PCA all_cell_types 5000 5 50 20000 0.215782893017996 0.0442829849734873
UMAP all_cell_types 10000 3 50 20000 0.00625725218904549 0.00438350436122814
UMAP all_cell_types all 4 50 3000 0.00354329865492997 0.0023636415078514
Cond_PCA int_ex 5000 5 50 19425 0.497017690237611 0.183311160204024
Cond_PCA int_ex 5000 1 50 19425 0.490093649675777 0.161988560314179
Cond_PCA all_cell_types 10000 4 50 20000 0.25320557312362 0.0379046061868461
Cond_PCA all_cell_types 10000 1 50 20000 0.283383791441894 0.0368736417104256
Cond_PCA int_ex 5000 4 50 19425 0.493754286432529 0.160147031814587
Cond_PCA int_ex 5000 3 50 19425 0.519503690638241 0.155316322741713
Cond_PCA int_ex 5000 2 50 19425 0.496700033473077 0.166971791816864
Cond_PCA all_cell_types 10000 5 50 20000 0.267074494187944 0.0508848199050895
Cond_PCA all_cell_types 10000 3 50 20000 0.262147488103651 0.0262450348169204
Cond_PCA all_cell_types 10000 2 50 20000 0.270081797685093 0.0466162133315774
Cond_PCA all_cell_types 15000 4 50 20000 0.273581351902446 0.0423263869960049
Cond_PCA all_cell_types 15000 2 50 20000 0.29194667560389 0.0480483816289582
Cond_PCA all_cell_types 15000 5 50 20000 0.277380240915698 0.0298235891081753
Cond_PCA int_ex 10000 3 50 19425 0.52331371601422 0.167985205434522
Cond_PCA all_cell_types 15000 1 50 20000 0.309265781544804 0.0271796966051751
Cond_PCA int_ex 10000 4 50 19425 0.515521261830161 0.166392521672998
Cond_PCA int_ex 10000 1 50 19425 0.512029739421876 0.171086899964324
Cond_PCA int_ex 10000 5 50 19425 0.518952800153698 0.175290029627187
Cond_PCA all_cell_types 15000 3 50 20000 0.287243714213544 0.0296267916846857
Cond_PCA int_ex 10000 2 50 19425 0.513589506917209 0.17211949775861
Cond_PCA int_ex all 5 50 19425 0.524309829341954 0.169939641379027
Cond_PCA all_cell_types 25000 4 50 20000 0.311527076375645 0.0368822156340504
Cond_PCA all_cell_types 25000 5 50 20000 0.314865505529571 0.0361191102433734
Cond_PCA int_ex all 1 50 19425 0.524309829341954 0.169939641379027
Cond_PCA all_cell_types 25000 3 50 20000 0.310905572262456 0.0489255591716483
Cond_PCA all_cell_types 25000 2 50 20000 0.313803459078043 0.0396969361414388
Cond_PCA all_cell_types 25000 1 50 20000 0.320179518264396 0.0496668686568085
Cond_PCA int_ex all 4 50 19425 0.524309829341954 0.169939641379027
Cond_PCA all_cell_types 35000 1 50 20000 0.318333272158866 0.0478405273459236
Cond_PCA all_cell_types 35000 3 50 20000 0.318150552557922 0.0579776390258843
Cond_PCA all_cell_types 35000 5 50 20000 0.321822685291462 0.0463091007753347
Cond_PCA all_cell_types 35000 4 50 20000 0.317668533011334 0.0436846408150806
Cond_PCA int_ex all 2 50 19425 0.524309829341954 0.169939641379027
Cond_PCA int_ex all 3 50 19425 0.524309829341954 0.169939641379027
UMAP int_ex all 5 50 3000 0.00173970037934235 0.00164071615683592
UMAP int_ex all 5 50 3000 0.00327533412807346 0.00318789883541959
UMAP int_ex all 5 50 3000 0.00173970037934235 0.00164071615683592
UMAP int_ex all 5 50 3000 0.00173970037934235 0.00164071615683592
UMAP int_ex all 5 50 3000 0.00173970037934235 0.00164071615683592
UMAP int_ex all 5 50 3000 0.00327533412807346 0.00318789883541959
UMAP int_ex all 5 50 3000 0.00173970037934235 0.00164071615683592
UMAP int_ex all 5 50 3000 0.00327533412807346 0.00318789883541959
UMAP int_ex all 5 50 3000 0.00327533412807346 0.00318789883541959
scaled_NMF all_cell_types all 1 50 3000 0.0137173016632804 0.00504759844340852
UMAP int_ex all 5 50 3000 0.00173970037934235 0.00164071615683592
UMAP int_ex all 5 50 3000 0.00173970037934235 0.00164071615683592
Cond_PCA all_cell_types all 3 50 20000 0.324433705268747 0.0481682802027377
UMAP int_ex all 5 50 3000 0.00173970037934235 0.00164071615683592
Cond_PCA all_cell_types all 2 50 20000 0.324433705268747 0.0481682802027377
UMAP int_ex all 5 50 3000 0.00173970037934235 0.00164071615683592
Cond_PCA all_cell_types 35000 2 50 20000 0.323322313290163 0.0439807368537564
UMAP int_ex all 5 50 3000 0.00173970037934235 0.00164071615683592
Cond_PCA all_cell_types all 4 50 20000 0.324433705268747 0.0481682802027377
Cond_PCA all_cell_types all 1 50 20000 0.324433705268747 0.0481682802027377
UMAP int_ex all 5 50 3000 0.00173970037934235 0.00164071615683592
UMAP int_ex all 5 50 3000 0.00327533412807346 0.00318789883541959
UMAP int_ex all 5 50 3000 0.00173970037934235 0.00164071615683592
UMAP int_ex all 5 50 3000 0.00327533412807346 0.00318789883541959
UMAP int_ex all 5 50 3000 0.00327533412807346 0.00318789883541959
UMAP int_ex all 5 50 3000 0.00173970037934235 0.00164071615683592
Cond_PCA all_cell_types all 5 50 20000 0.324433705268747 0.0481682802027377
UMAP int_ex all 5 50 3000 0.00327533412807346 0.00318789883541959
UMAP int_ex all 5 50 3000 0.00173970037934235 0.00164071615683592
UMAP int_ex all 5 50 3000 0.00327533412807346 0.00318789883541959
scaled_NMF all_cell_types all 3 50 3000 0.0137173016632804 0.00504759844340852
scaled_NMF all_cell_types all 2 50 3000 0.0137173016632804 0.00504759844340852
scaled_NMF all_cell_types all 4 50 3000 0.0137173016632804 0.00504759844340852
scaled_NMF all_cell_types all 5 50 3000 0.0137173016632804 0.00504759844340852
Cond_PCA int_ex 500 1 50 19425 0.416349101743987 0.103065768702208
Cond_PCA int_ex 1000 3 50 19425 0.440567237752977 0.10593651901619
Cond_PCA int_ex 500 3 50 19425 0.438754699946933 0.124110189830533
Cond_PCA int_ex 500 2 50 19425 0.46519111153822 0.117856853563369
Cond_PCA int_ex 100 1 50 19425 0.269935093918585 0.153375278386781
Cond_PCA int_ex 100 2 50 19425 0.428348943168777 0.201054761640936
Cond_PCA int_ex 100 3 50 19425 0.509419903425126 0.112358605383645
Cond_PCA int_ex 1000 2 50 19425 0.474528210551979 0.159746765671579
Cond_PCA int_ex 500 4 50 19425 0.437818656291936 0.164686433787975
Cond_PCA int_ex 1000 4 50 19425 0.463321092682203 0.168494862758141
Cond_PCA int_ex 100 4 50 19425 0.389449414420561 0.0825166600209978
Cond_PCA int_ex 500 5 50 19425 0.410782975329971 0.161371591042655
Cond_PCA int_ex 100 5 50 19425 0.384365902436531 0.0946585044472339
Cond_PCA int_ex 1000 5 50 19425 0.434363135370686 0.117582822737359
Cond_PCA int_ex 1000 1 50 19425 0.460172819956611 0.206182170726801
PCA all_cell_types all 2 50 3000 0.0825622416102786 0.0154058873381939
PCA all_cell_types 10000 2 50 20000 0.238243183498256 0.0434199442772746
PCA all_cell_types 100 5 50 20000 0.0894673653579017 0.0858248605267519
PCA all_cell_types all 2 50 3000 0.0825622416102795 0.015405887338192
PCA all_cell_types 10000 2 50 20000 0.238243183498259 0.0434199442772755
UMAP all_cell_types 15000 3 50 20000 0.0078148937946253 0.00626156088060903
PCA all_cell_types 100 5 50 20000 0.0894673559911041 0.0858248605267322
PCA all_cell_types 25000 4 50 20000 0.292048169975262 0.0450595475135949
PCA all_cell_types 15000 3 50 20000 0.244841454747084 0.0331489253925313
PCA all_cell_types 15000 1 50 20000 0.263866172653401 0.045026464023957
UMAP int_ex 1000 1 50 19425 0.0070381859437143 0.00778800348313546
UMAP int_ex 5000 1 50 19425 0.00426765260525397 0.00293331670592678
UMAP int_ex 500 2 50 19425 -0.000127574339841896 0.000107740941982071
UMAP int_ex 5000 4 50 19425 0.00329179044898631 0.0023696597675682
UMAP int_ex 10000 2 50 19425 0.00695450315482737 0.00317059757622529
UMAP int_ex 1000 2 50 19425 0.00103306223626765 0.000307045104939285
UMAP int_ex 100 2 50 19425 0.00531021256939845 0.0123530897394889
UMAP int_ex 100 4 50 19425 -0.018044717356366 -0.00819819296918811
UMAP int_ex 100 1 50 19425 -0.0164749513689972 -0.00779416643346487
UMAP int_ex 100 5 50 19425 0.0780874672813873 0.0867531573646982
UMAP int_ex 500 3 50 19425 -0.00267195979428969 -0.000992731139070946
UMAP int_ex 5000 2 50 19425 -2.36003234528326e-05 3.04408005490364e-05
UMAP int_ex all 1 50 19425 0.00672112376711964 0.00328266648150932
UMAP int_ex 1000 3 50 19425 7.75589294343959e-06 0.000309433308528173
UMAP int_ex 1000 4 50 19425 0.00149539607441174 0.00159008791078619
UMAP int_ex 5000 3 50 19425 0.000672615081813932 0.000774545196231768
UMAP int_ex 10000 4 50 19425 0.0168922139409069 0.00576410282711171
UMAP int_ex 1000 5 50 19425 0.00361484168045401 0.00271711102171435
UMAP int_ex 500 1 50 19425 -0.00323616218804901 -0.00131131516852467
PCA all_cell_types 35000 1 50 20000 0.29941319490115 0.0432864051340962
UMAP int_ex 10000 1 50 19425 0.00522059793914076 0.00300125116619732
UMAP int_ex all 5 50 19425 0.00672112376711964 0.00328266648150932
UMAP int_ex 500 4 50 19425 0.0023196124616236 0.00211264567969272
UMAP int_ex 5000 5 50 19425 0.00495883522606788 0.00233338051650234
UMAP int_ex 500 5 50 19425 0.00614761279472065 0.00784727344399472
UMAP int_ex 10000 3 50 19425 0.0123274179843921 0.00859874875999
UMAP int_ex all 2 50 19425 0.00604960990750392 0.00289792183381521
UMAP int_ex 10000 5 50 19425 0.000740676878289603 0.000295298670024313
UMAP int_ex all 3 50 19425 0.00604960990750392 0.00289792183381521
UMAP int_ex all 4 50 19425 0.00672112376711964 0.00328266648150932
UMAP int_ex 100 3 50 19425 0.0255598767405415 0.0164854912437864
PCA int_ex all 1 50 19425 0.523688425772483 0.184500140131606
PCA int_ex all 3 50 19425 0.523688425772483 0.184500140131606
PCA int_ex 10000 1 50 19425 0.511527880645882 0.187764867633862
PCA int_ex 5000 5 50 19425 0.489989894013549 0.206108815449833
PCA int_ex 10000 2 50 19425 0.514015019449208 0.179510484426059
PCA int_ex all 5 50 19425 0.523688425772483 0.184500140131606
PCA int_ex 10000 3 50 19425 0.523477537665747 0.186953061302158
PCA int_ex all 2 50 19425 0.523688425772484 0.184500140131606
PCA int_ex 5000 2 50 19425 0.494140679582164 0.168198097056242
PCA int_ex 10000 5 50 19425 0.521147102979703 0.197302660859084
PCA int_ex 1000 4 50 19425 0.467109381402405 0.199663349611692
PCA int_ex 1000 2 50 19425 0.474390682517282 0.144716573912357
PCA int_ex 5000 1 50 19425 0.485165406037962 0.191946439830958
PCA int_ex 500 4 50 19425 0.444121793547853 0.186521413178762
PCA int_ex 1000 3 50 19425 0.444122152899363 0.13332130337939
PCA int_ex 5000 3 50 19425 0.51755085741757 0.192423081498983
PCA int_ex all 4 50 19425 0.523688425772484 0.184500140131606
PCA int_ex 1000 1 50 19425 0.450905498322379 0.208547981080831
PCA int_ex 5000 4 50 19425 0.491340089482536 0.160504479776745
PCA int_ex 100 2 50 19425 0.426660996332334 0.146977937409688
PCA int_ex 10000 4 50 19425 0.515440671392916 0.176243768895799
PCA int_ex 1000 5 50 19425 0.436631697075681 0.151366137889572
PCA int_ex 100 4 50 19425 0.401231019983173 0.0666744641425729
PCA int_ex 500 1 50 19425 0.416311645950346 0.122463686395349
PCA int_ex 100 1 50 19425 0.337455686842521 0.135143598595213
PCA int_ex 500 2 50 19425 0.468806504355771 0.154272249631164
PCA int_ex 500 5 50 19425 0.410853612920168 0.190413989523497
PCA int_ex 500 3 50 19425 0.440173922319665 0.106403457477967
PCA int_ex 100 3 50 19425 0.540181530814664 0.0625045513978968
PCA int_ex 100 5 50 19425 0.403578889950419 0.0549480260639086
Cond_PCA int_ex 1000 1 50 19425 0.460172819956611 0.206182170726801
Cond_PCA int_ex 1000 2 50 19425 0.47452814267212 0.159746765671579
Cond_PCA int_ex 500 1 50 19425 0.416349034181305 0.103065768702206
Cond_PCA int_ex 1000 3 50 19425 0.440567237752977 0.10593651901619
Cond_PCA int_ex 500 2 50 19425 0.46519111153822 0.117856853563369
Cond_PCA int_ex 1000 4 50 19425 0.46332102291887 0.168494862758143
Cond_PCA int_ex 500 3 50 19425 0.438754699946933 0.124110189830533
Cond_PCA int_ex 500 4 50 19425 0.437818656291936 0.164686433787975
Cond_PCA int_ex 1000 5 50 19425 0.43436348575984 0.117582822737356
Cond_PCA int_ex 100 1 50 19425 0.269935029203683 0.153375278386855
Cond_PCA int_ex 500 5 50 19425 0.410783008131654 0.161371591042656
Cond_PCA int_ex 100 3 50 19425 0.509420791282788 0.112358605383598
Cond_PCA int_ex 100 4 50 19425 0.389447077526419 0.0825166600209983
Cond_PCA int_ex 100 5 50 19425 0.384331523318259 0.0946585044472336
Cond_PCA int_ex 100 2 50 19425 0.428348887156668 0.201054761640941
Cond_PCA int_ex 5000 1 50 19425 0.49009364967625 0.161988560314179
Cond_PCA int_ex 5000 4 50 19425 0.493754286432564 0.160147031814587
Cond_PCA int_ex 5000 2 50 19425 0.496700033473254 0.166971791816864
Cond_PCA int_ex 5000 3 50 19425 0.519503690638236 0.155316322741713
Cond_PCA int_ex 5000 5 50 19425 0.497017690237611 0.183311160204024
Cond_PCA int_ex 10000 1 50 19425 0.512029739421876 0.171086899964323
Cond_PCA int_ex 10000 3 50 19425 0.523313716014222 0.167985205434522
Cond_PCA int_ex 10000 4 50 19425 0.515521261830161 0.166392521672998
Cond_PCA int_ex 10000 5 50 19425 0.518952800153693 0.175290029627188
Cond_PCA int_ex 10000 2 50 19425 0.513589506917209 0.172119497758609
Cond_PCA int_ex all 3 50 19425 0.524309829341954 0.169939641379027
Cond_PCA int_ex all 1 50 19425 0.524309829341954 0.169939641379027
Cond_PCA int_ex all 4 50 19425 0.524309829341954 0.169939641379027
Cond_PCA int_ex all 2 50 19425 0.524309829341955 0.169939641379027
Cond_PCA int_ex all 5 50 19425 0.524309829341955 0.169939641379027
NMF all_cell_types 500 1 50 20000 0.0676918826260577 0.014881346794415
NMF all_cell_types 500 4 50 20000 0.124628322688929 0.053221061294033
NMF all_cell_types 500 3 50 20000 0.0572945587791269 0.0185702154329638
NMF all_cell_types 500 2 50 20000 0.0713541592398795 0.0141120056966151
NMF all_cell_types 500 5 50 20000 0.111967931928329 0.0202564546787475
NMF all_cell_types 1000 4 50 20000 0.107657981627152 0.0591037099339246
NMF all_cell_types 1000 5 50 20000 0.0461153433518063 0.0167266401581921
NMF all_cell_types 1000 2 50 20000 0.0345248273213818 0.0161541449492659
NMF all_cell_types 5000 4 50 20000 0.0997476794767851 0.0374141705951254
NMF all_cell_types 5000 1 50 20000 0.0879723426716341 0.0382816942712768
NMF all_cell_types 5000 2 50 20000 0.0943243052048462 0.0350641244273862
NMF all_cell_types 5000 3 50 20000 0.0955443544875219 0.0329139543095289
NMF all_cell_types 5000 5 50 20000 0.0878768201856414 0.0265349535247229
NMF all_cell_types 10000 2 50 20000 0.196982790554898 0.0726848967500557
NMF all_cell_types 10000 3 50 20000 0.136656220700767 0.0294665327201137
NMF all_cell_types 10000 1 50 20000 0.131284650086804 0.0387374933825341
NMF all_cell_types 10000 4 50 20000 0.140482591019451 0.037973302951995
NMF all_cell_types 15000 1 50 20000 0.187586222092264 0.0347065265718893
NMF all_cell_types 10000 5 50 20000 0.140538770095886 0.0287481049122817
scaled_NMF all_cell_types 500 1 50 20000 0.0261424488630058 0.00863543121607568
scaled_NMF all_cell_types 1000 1 50 20000 0.0206315166852272 0.00592278817663339
scaled_NMF all_cell_types 1000 2 50 20000 0.028341766232355 0.0083944528536426
scaled_NMF all_cell_types 1000 4 50 20000 0.0566290214239377 0.0178266149832773
scaled_NMF all_cell_types 1000 3 50 20000 0.0269684420458126 0.0077205247252693
scaled_NMF all_cell_types 5000 5 50 20000 0.0707565324430668 0.0239609958606292
NMF int_ex 500 1 50 19425 0.215755791891797 0.0976645038697882
NMF int_ex 500 2 50 19425 0.270276873030752 0.135186575721559
NMF int_ex 1000 2 50 19425 0.323150200121298 0.122479402756672
NMF int_ex 500 3 50 19425 0.221389501325819 0.147508468784616
NMF int_ex 500 4 50 19425 0.216255913097855 0.0543017991585973
NMF int_ex 100 2 50 19425 0.0653256657610076 0.0265677001103749
NMF int_ex 100 1 50 19425 0.047296625802889 0.0413736665584791
scaled_NMF all_cell_types 5000 4 50 20000 0.0336833801251802 0.00480757321744851
NMF int_ex 1000 1 50 19425 0.264078264700812 0.124083390101525
NMF int_ex 100 3 50 19425 0.227278568167044 0.0539269812159233
scaled_NMF all_cell_types 5000 2 50 20000 0.092531073421095 0.0413906010659875
NMF int_ex 100 4 50 19425 0.147384429963672 0.0338199247047821
NMF int_ex 100 5 50 19425 0.198325806512824 0.0500791491449344
NMF int_ex 1000 3 50 19425 0.332080512027794 0.140740377076966
NMF int_ex 1000 4 50 19425 0.315602557822884 0.186143892764743
NMF int_ex 1000 5 50 19425 0.305570325696319 0.150549261769259
NMF int_ex 500 5 50 19425 0.218658394339424 0.104382193189956
scaled_NMF int_ex 100 3 50 19425 -0.208497914510559 0.0145723841376015
scaled_NMF int_ex 100 2 50 19425 0.292579328543396 0.0403020842055222
scaled_NMF int_ex 100 4 50 19425 -0.0768565096298366 0.0309828869065478
scaled_NMF int_ex 100 1 50 19425 0.0304544486205697 0.0475087852536563
scaled_NMF int_ex 50 1 50 19425 0.228972429636145 0.011683575764984
scaled_NMF int_ex 100 5 50 19425 -0.0146228979595302 0.020446114695244
scaled_NMF int_ex 50 3 50 19425 -0.295285349084051 0.0250648818467423
scaled_NMF int_ex 50 2 50 19425 -0.626390210629411 0.0568509635008719
scaled_NMF int_ex 500 1 50 19425 0.0634084733719333 0.0200561723000705
scaled_NMF int_ex 50 4 50 19425 -0.691344864221454 0.0209794138798993
scaled_NMF int_ex 50 5 50 19425 0.749649779176265 0.0310576713409679
scaled_NMF int_ex 500 2 50 19425 0.0412760418784844 0.0247796588857901
scaled_NMF int_ex 500 4 50 19425 0.0226193072804795 0.00615262075233025
scaled_NMF int_ex 1000 1 50 19425 0.040246537922539 0.0155486553905952
scaled_NMF int_ex 500 3 50 19425 0.0100323397485971 0.00668382644292753
scaled_NMF int_ex 500 5 50 19425 0.0652075600330021 0.0145710133388018
scaled_NMF all_cell_types 5000 1 50 20000 0.0591573182058375 0.0304019238595089
scaled_NMF int_ex 1000 5 50 19425 0.164299312037428 0.0899601248719523
scaled_NMF int_ex 1000 2 50 19425 0.103995214261242 0.0638233652328366
scaled_NMF int_ex 1000 4 50 19425 0.053749216828861 0.0143751925943364
scaled_NMF int_ex 1000 3 50 19425 0.0551875368057497 0.00778034110212944
NMF int_ex 5000 3 50 19425 0.427841585066682 0.236217889313535
NMF int_ex 5000 1 50 19425 0.3913070565611 0.2028130322484
scaled_NMF all_cell_types 10000 4 50 20000 0.0839522689071802 0.0338543997009189
NMF int_ex 5000 2 50 19425 0.402827867467824 0.172014680139272
NMF int_ex 5000 4 50 19425 0.425302912001606 0.299618909068546
NMF int_ex 5000 5 50 19425 0.439586596075529 0.185106337037943
scaled_NMF int_ex 5000 5 50 19425 0.270544740759582 0.156344750273694
scaled_NMF int_ex 5000 3 50 19425 0.27428959721975 0.188362159541656
NMF int_ex 10000 4 50 19425 0.441220170764616 0.217563796757849
scaled_NMF int_ex 5000 1 50 19425 0.23363991309351 0.122837661763182
Cond_PCA int_ex 100 3 50 19425 0.509424664246691 0.112358605383664
Cond_PCA int_ex 100 2 50 19425 0.42834890769689 0.201054761640935
Cond_PCA int_ex 100 1 50 19425 0.269935064655092 0.153375278386853
Cond_PCA int_ex 100 5 50 19425 0.384335047371092 0.0946585044472341
Cond_PCA int_ex 100 4 50 19425 0.389450207192116 0.0825166600210376
PCA int_ex all 2 50 19425 0.523688425772484 0.184500140131605
PCA int_ex all 3 50 19425 0.523688425772484 0.184500140131606
PCA int_ex all 5 50 19425 0.523688425772484 0.184500140131605
PCA int_ex 10000 1 50 19425 0.511527880645883 0.187764867633862
PCA int_ex all 4 50 19425 0.523688425772484 0.184500140131606
PCA int_ex 10000 2 50 19425 0.514015019449208 0.17951048442606
PCA int_ex all 1 50 19425 0.523688425772484 0.184500140131605
PCA int_ex 10000 5 50 19425 0.521147102979701 0.197302660859084
PCA int_ex 5000 1 50 19425 0.485165406037905 0.191946439830958
PCA int_ex 5000 2 50 19425 0.494140679582165 0.168198097056243
PCA int_ex 5000 4 50 19425 0.491340089482533 0.160504479776745
PCA int_ex 5000 3 50 19425 0.517550857417534 0.192423081498983
PCA int_ex 10000 4 50 19425 0.515440671392916 0.176243768895799
PCA int_ex 1000 1 50 19425 0.450904779789858 0.208547981080831
PCA int_ex 1000 2 50 19425 0.47439066087254 0.144716573912356
PCA int_ex 1000 3 50 19425 0.444121902694092 0.133321303379392
PCA int_ex 1000 4 50 19425 0.467109863043146 0.19966334961169
PCA int_ex 1000 5 50 19425 0.436631507776855 0.151366137889581
PCA int_ex 500 1 50 19425 0.416311664464102 0.12246368639535
PCA int_ex 10000 3 50 19425 0.523477537665747 0.186953061302158
PCA int_ex 500 3 50 19425 0.440173887395846 0.106403457477969
PCA int_ex 500 4 50 19425 0.444131140469519 0.186521413178762
PCA int_ex 5000 5 50 19425 0.489989894013498 0.206108815449833
PCA int_ex 100 1 50 19425 0.337447606141522 0.135143598595227
PCA int_ex 100 2 50 19425 0.426660605106877 0.146977937409686
PCA int_ex 500 5 50 19425 0.410853653971417 0.190413989523499
PCA int_ex 100 4 50 19425 0.401228216513197 0.0666744641426128
NMF int_ex 100 1 50 19425 0.0472966258028892 0.0413736665584791
PCA int_ex 100 5 50 19425 0.403578673989191 0.05494802606391
UMAP int_ex all 1 50 19425 0.0128785481394017 0.00616539424620721
UMAP int_ex all 2 50 19425 0.00672112376711964 0.00328266648150932
UMAP int_ex all 3 50 19425 0.0128785481394017 0.00616539424620721
UMAP int_ex all 4 50 19425 0.0128785481394017 0.00616539424620721
UMAP int_ex all 5 50 19425 0.00672112376711964 0.00328266648150932
UMAP int_ex 10000 1 50 19425 0.0163848625820037 0.00640169554656866
UMAP int_ex 10000 2 50 19425 0.00695450315482737 0.00317059757622529
UMAP int_ex 10000 4 50 19425 0.0168922139409069 0.00576410282711171
PCA int_ex 100 3 50 19425 0.54020143076907 0.0625045513980297
UMAP int_ex 10000 5 50 19425 0.000173152541476651 0.0002237030331671
UMAP int_ex 5000 1 50 19425 0.00426765260525397 0.00293331670592678
UMAP int_ex 10000 3 50 19425 0.0123274179843921 0.00859874875999
UMAP int_ex 5000 3 50 19425 0.00101490435404417 0.00121101070147778
UMAP int_ex 5000 4 50 19425 0.00329179044898631 0.0023696597675682
UMAP int_ex 1000 1 50 19425 0.0070381859437143 0.00778800348313546
UMAP int_ex 5000 5 50 19425 0.00495883522606788 0.00233338051650234
UMAP int_ex 1000 3 50 19425 7.75589294343959e-06 0.000309433308528173
UMAP int_ex 5000 2 50 19425 -2.36003234528326e-05 3.04408005490364e-05
UMAP int_ex 1000 4 50 19425 0.00149539607441174 0.00159008791078619
UMAP int_ex 1000 5 50 19425 0.00361484168045401 0.00271711102171435
UMAP int_ex 1000 2 50 19425 0.00103306223626765 0.000307045104939285
UMAP int_ex 500 2 50 19425 -0.000127574339841896 0.000107740941982071
UMAP int_ex 500 1 50 19425 -0.00323616218804901 -0.00131131516852467
UMAP int_ex 500 4 50 19425 0.0023196124616236 0.00211264567969272
UMAP int_ex 100 1 50 19425 -0.0164749513689972 -0.00779416643346487
PCA int_ex 500 2 50 19425 0.468804736562993 0.154272249631163
UMAP int_ex 100 2 50 19425 0.04118505493251 0.010206683820006
UMAP int_ex 100 3 50 19425 0.0255598767405415 0.0164854912437864
UMAP int_ex 100 4 50 19425 -0.018044717356366 -0.00819819296918811
UMAP int_ex 100 5 50 19425 0.0780874672813873 0.0867531573646982
UMAP int_ex 500 3 50 19425 -0.00267195979428969 -0.000992731139070946
UMAP int_ex 500 5 50 19425 0.00614761279472065 0.00784727344399461
Cond_PCA int_ex all 1 50 19425 0.524309829341954 0.169939641379027
Cond_PCA int_ex all 2 50 19425 0.524309829341954 0.169939641379027
Cond_PCA int_ex all 3 50 19425 0.524309829341954 0.169939641379027
Cond_PCA int_ex all 5 50 19425 0.524309829341954 0.169939641379027
Cond_PCA int_ex 10000 5 50 19425 0.518952800153696 0.175290029627188
Cond_PCA int_ex all 4 50 19425 0.524309829341954 0.169939641379027
Cond_PCA int_ex 10000 2 50 19425 0.51358950691721 0.172119497758609
Cond_PCA int_ex 10000 1 50 19425 0.512029739421877 0.171086899964324
Cond_PCA int_ex 10000 3 50 19425 0.52331371601422 0.167985205434521
Cond_PCA int_ex 5000 1 50 19425 0.490093649676089 0.161988560314179
Cond_PCA int_ex 1000 1 50 19425 0.460175181269903 0.206182170726801
Cond_PCA int_ex 1000 2 50 19425 0.474528140226173 0.159746765671579
Cond_PCA int_ex 5000 2 50 19425 0.496700033473115 0.166971791816864
Cond_PCA int_ex 5000 3 50 19425 0.519503690638233 0.155316322741713
cNMF all_cell_types all 1 50 3000 0.070092088303939 0.00843940089317519
cNMF int_ex all 1 50 3000 0.293916998426742 0.17630419254668
Cond_PCA int_ex 1000 5 50 19425 0.434363078991074 0.117582822737361
Cond_PCA int_ex 500 1 50 19425 0.416348640729216 0.103065768702212
Cond_PCA int_ex 1000 3 50 19425 0.440567261622327 0.105936519016191
Cond_PCA int_ex 500 2 50 19425 0.465191199581316 0.117856853563369
Cond_PCA int_ex 500 4 50 19425 0.437811353506605 0.164686433787977
Cond_PCA int_ex 1000 4 50 19425 0.463321048706082 0.16849486275814
Cond_PCA int_ex 500 5 50 19425 0.410782972287832 0.161371591042656
Cond_PCA int_ex 100 1 50 19425 0.269934953235851 0.15337527838682
Cond_PCA int_ex 500 3 50 19425 0.438754533494992 0.124110189830532
Cond_PCA int_ex 5000 4 50 19425 0.493754286432529 0.160147031814587
Cond_PCA int_ex 100 2 50 19425 0.428348831144414 0.201054761640938
Cond_PCA int_ex 100 5 50 19425 0.384348464168679 0.0946585044472348
Cond_PCA int_ex 100 4 50 19425 0.38944989840599 0.082516660021036
Cond_PCA int_ex 100 3 50 19425 0.509424664246691 0.112358605383664
Cond_PCA int_ex 10000 4 50 19425 0.51552126183016 0.166392521672998
cNMF int_ex 100 1 50 3000 0.079184838322984 0.0589072731919518
cNMF all_cell_types 15000 1 50 3000 0.0207047850005752 0.00712580916450278
cNMF int_ex all 1 50 3000 0.293916998426742 0.17630419254668
cNMF all_cell_types all 1 50 3000 0.070092088303939 0.00843940089317519
cNMF int_ex 1000 1 50 3000 0.0745714837371492 0.0479043749548593
cNMF int_ex 10000 1 50 3000 0.276955203481144 0.237014606227679
cNMF all_cell_types 25000 1 50 3000 0.0697161684931621 0.0089103832568207
cNMF int_ex 5000 1 50 3000 0.262969971346296 0.230649330180205
cNMF all_cell_types 10000 1 50 3000 0.0407938914224556 0.00658949512457219
cNMF all_cell_types 35000 1 50 3000 0.0764779583133293 0.0089412455095057
cNMF int_ex 500 1 50 3000 0.0269001793434619 0.0207765729659244
cNMF all_cell_types 100 1 50 20000 -0.00793160405841786 0.0427681430226854
cNMF int_ex 100 1 50 20000 0.0890525182398876 0.020210109886194
cNMF int_ex 500 1 50 20000 0.0360150137501232 0.00725013495235716
cNMF all_cell_types 1000 1 50 20000 0.0261106073417701 0.00336116415072996
cNMF int_ex 1000 1 50 20000 0.181000467580655 0.144714660117394
cNMF all_cell_types 500 1 50 20000 0.0438961585068846 0.00654473949281931
cNMF all_cell_types 35000 1 50 20000 0.245212609634185 0.094932395006137
cNMF all_cell_types 5000 1 50 20000 0.0741058340302148 0.0412946060822651
cNMF all_cell_types 25000 1 50 20000 0.12342411438118 0.0332901761761591
cNMF int_ex all 1 50 20000 0.410430369184124 0.308382654696118
cNMF all_cell_types all 1 50 20000 0.232095614924405 0.101691088462085
cNMF int_ex 5000 1 50 20000 0.216685801778613 0.189589889332363
cNMF all_cell_types 10000 1 50 20000 0.0863915701378993 0.0400141832983288
cNMF all_cell_types 15000 1 50 20000 0.0958836776502909 0.0373191267692377
cNMF int_ex 10000 1 50 20000 0.421596571727312 0.329487820039269
scaled_NMF int_ex all 2 50 19425 0.410621925369946 0.26763544951179
scaled_NMF int_ex all 3 50 19425 0.410621925369946 0.26763544951179
scaled_NMF int_ex all 4 50 19425 0.410621925369946 0.26763544951179
NMF all_cell_types 35000 2 50 20000 0.216181594268394 0.0453694519595792
NMF all_cell_types 35000 1 50 20000 0.213700157218126 0.0385345895640459
NMF all_cell_types 25000 3 50 20000 0.194206738425777 0.0363132958666422
NMF all_cell_types 25000 4 50 20000 0.203216919378298 0.0236981358509735
NMF all_cell_types 15000 2 50 20000 0.164768088259541 0.0351152802712239
NMF all_cell_types all 4 50 20000 0.216054930849578 0.072667950287154
NMF all_cell_types all 2 50 20000 0.216054930849578 0.072667950287154
NMF all_cell_types all 1 50 20000 0.216054930849578 0.072667950287154
NMF all_cell_types all 3 50 20000 0.216054930849578 0.072667950287154
scaled_NMF int_ex 10000 1 50 19425 0.351974336719034 0.254647607273598
NMF all_cell_types 15000 3 50 20000 0.183315608810061 0.0369594751320558
scaled_NMF int_ex 10000 2 50 19425 0.361382748506262 0.253605021366294
NMF all_cell_types 15000 4 50 20000 0.165675530958365 0.0346395904978969
NMF all_cell_types 15000 5 50 20000 0.174783282338504 0.0471507383811177
scaled_NMF int_ex 10000 3 50 19425 0.361212556463574 0.263175212433314
scaled_NMF all_cell_types 35000 2 50 20000 0.0923675531688135 0.0339735756486627
scaled_NMF all_cell_types 35000 1 50 20000 0.0941425796225284 0.0345868730259895
scaled_NMF all_cell_types 35000 3 50 20000 0.0960772385059786 0.0376938270706472
scaled_NMF all_cell_types 35000 4 50 20000 0.0930097483109219 0.0321741522777337
scaled_NMF int_ex 10000 4 50 19425 0.254872454327113 0.161454434523066
scaled_NMF all_cell_types all 2 50 20000 0.0907066854280834 0.0343203922407412
scaled_NMF all_cell_types 35000 5 50 20000 0.0919869158738411 0.0329086273071258
scaled_NMF all_cell_types all 1 50 20000 0.0907066854280834 0.0343203922407412
scaled_NMF all_cell_types all 5 50 20000 0.0907066854280834 0.0343203922407412
scaled_NMF all_cell_types all 3 50 20000 0.0907066854280835 0.0343203922407412
scaled_NMF all_cell_types all 4 50 20000 0.0907066854280835 0.0343203922407412
scaled_NMF all_cell_types 25000 1 50 20000 0.0929322486545686 0.0335144819549446
scaled_NMF all_cell_types 25000 2 50 20000 0.0971665892714516 0.0390046814851607
